ONEWEB-0167             
1 48064U 21025Y   23207.54244805 -.00000263  00000+0 -75443-3 0  9996
2 48064  87.9071 170.3741 0002290  86.6947 273.4444 13.13468903114868
ONEWEB-0350             
1 49214U 21083AE  23208.14552227 -.00001111  00000+0 -30784-2 0  9996
2 49214  87.9076 170.2826 0002063  81.0147 279.1215 13.13463933 93608
ONEWEB-0355             
1 49218U 21083AJ  23207.32026308 -.00000191  00000+0 -55844-3 0  9997
2 49218  87.9069 170.4297 0002068  90.7398 269.3968 13.13473172 92160
ONEWEB-0174             
1 48072U 21025AG  23207.47367400 -.00000163  00000+0 -48229-3 0  9995
2 48072  87.9062 170.3923 0002407  78.5261 281.6138 13.13473135115111
ONEWEB-0357             
1 49219U 21083AK  23207.32273129 -.00010471  00000+0 -25793-1 0  9993
2 49219  87.9227 124.8719 0001753  81.0107 279.1225 13.20830847 97300
ONEWEB-0510             
1 54128U 22138R   23208.00658367 -.00000022  00000+0 -86848-4 0  9999
2 54128  87.9160 124.6389 0001875  92.7441 267.3907 13.20768871 40768
ONEWEB-0321             
1 49191U 21083F   23208.00030386  .00000023  00000+0  24228-4 0  9999
2 49191  87.9246 124.7334 0001599  80.0659 280.0655 13.20770940 98699
ONEWEB-0364             
1 49290U 21090M   23208.07816294  .00000080  00000+0  16374-3 0  9999
2 49290  87.9254 124.7240 0001821  75.6075 284.5261 13.20767793 92850